40.60458197466071 -74.52965123823488
40.44602457921711 -74.3793258705179
40.604806393436334 -74.56524972682708
40.62621192872591 -74.55247369656713
40.62139630475857 -74.52209003987214
40.55683904436755 -74.52737109481701
40.6028841270858 -74.43736054970847
40.392158561050564 -74.38680672499761
40.42657892374298 -74.37720961645793
40.44637713210013 -74.54596690518777
40.536474879955584 -74.40654325771989
40.36784295160104 -74.59841049396314
40.344207512796245 -74.59545428982362
40.40752047519695 -74.50653613853441
40.489583135658386 -74.57775011570992
40.441812898837604 -74.57718328161208
40.49316839747596 -74.50674569207537
