40.40912198257112 -74.46490949386097
40.56067870857575 -74.4486925787841
40.37367886104787 -74.5708027041843
40.554865846455904 -74.46603169396484
40.535411461961466 -74.48729082582669
40.46762524100945 -74.53777094408719
40.39405066374231 -74.52555955946046
40.34462447390258 -74.40446792633446
40.34971807164151 -74.47931646776428
40.587925326451405 -74.49663774947265
40.39739982256359 -74.59535479780452
40.466566794496536 -74.39857525926666
40.39202580257704 -74.50421232329418
40.41778913414044 -74.45364950056054
