40.39637792409267 -74.57897474720427
40.41860230885679 -74.30208571599698
40.497652947056864 -74.30855994057391
40.60819039601944 -74.54303596301729
40.3923962394951 -74.4457829053025
40.522791746451745 -74.45486660291927
40.37464052185262 -74.4030060842409
40.580110137383926 -74.3978124947034
40.53876807945411 -74.44623405761912
40.4521819231367 -74.33089155432997
40.61644993185454 -74.57790968245237
40.57373067105 -74.31334564361283
40.471442360324914 -74.54125354304944
40.5190437098605 -74.57559383147867
40.542266170853466 -74.56275144349473
40.59541585246086 -74.38095050577165
40.342017905549376 -74.38468244498038
40.57472755078034 -74.43021153390367
