40.423677383261946 -74.44848850141454
40.46182847654207 -74.39417013691673
40.496675055068465 -74.52399964739705
40.37720719058053 -74.58258008480922
40.52167948247317 -74.46646534662028
40.4634032582969 -74.5985306205319
40.571046791824024 -74.41431355337264
40.36992729689041 -74.36126267648766
40.617771896797215 -74.36063259859924
40.375000633955096 -74.3503356431095
40.594178425918116 -74.45948715289437
40.369994185362394 -74.56875517928825
40.58306856843172 -74.39173017533454
40.50561900037777 -74.44661949587145
40.52076989398364 -74.33159391126584
40.45696616946488 -74.33928250056908
