40.393753273213115 -74.44777222716256
40.58584330370917 -74.57774404540707
40.36507311860374 -74.3697197707284
40.52627842509921 -74.43253534369329
40.59465091460722 -74.5881914124276
40.368118542118765 -74.56282950644628
40.45789846552567 -74.41986874938354
40.46248860278038 -74.45809844425413
40.52621193749617 -74.42431997350971
40.401768011731285 -74.49533418629979
40.5416473725891 -74.5355473565284
40.494870564369776 -74.30840905856408
40.38254282230698 -74.43761085614834
40.458726795419814 -74.49368655697768
40.423281264572076 -74.54893894845283
