40.456185732183044 -74.36293854007653
40.35788958336627 -74.31382794448798
40.56876315534699 -74.41615384952718
40.59985532339207 -74.33210387951878
40.60796048524646 -74.55084551897008
40.5167148734684 -74.56411752004169
40.41705936795403 -74.44647988480453
40.503662332720616 -74.48897382011558
40.634110837184025 -74.5786322959501
40.592238682101254 -74.4653412866524
40.495358750414276 -74.53277479562684
40.5965132451325 -74.41300488391803
40.496084479459405 -74.43317885171477
40.403747002121065 -74.54184944615896
40.62101855643121 -74.40962578834187
40.53760945508139 -74.49259435196744
40.55143477257395 -74.49212594803706
40.455028287548124 -74.36774142208601
40.54554932274597 -74.35179643973947
